         6 ,                          terra ,    4271997 , 4410.390625
         2 ,                        spenti! ,    1014671 , 4476.013672
        20 ,                          Guido ,    1337499 , 7534.889648
         4 ,                         quando ,    4476757 , 10838.640625
        19 ,                          così ,    2360017 , 11812.276367
        12 ,                         occhio ,    3843159 , 13586.470703
        14 ,                          donna ,    3119429 , 22818.166016
         7 ,                         giace; ,    4896376 , 23517.728516
        17 ,                         rezzo; ,    4606238 , 25986.017578
         0 ,                           noto ,     233460 , 32209.074219
        11 ,                          quali ,    1188961 , 44967.269531
        13 ,                         Clïò ,    2146160 , 48243.609375
         9 ,                          ferro ,    2163766 , 59111.527344
         3 ,                   misericordia ,     496325 , 61628.929688
        18 ,                           sono ,     872018 , 67866.843750
         8 ,                        fornito ,    2735414 , 68601.757812
        15 ,                         segnor ,    4120770 , 79957.984375
         1 ,                        piangea ,    4741192 , 81176.625000
        10 ,                     Parisi?». ,    2369159 , 85156.781250
        16 ,                           noto ,    4599783 , 91798.218750
